04 07 24 24 744 21
04 08 24 24 744 21
04 09 24 24 744 21
04 10 24 24 744 20
04 11 16 15 745 30
04 12 15 14 745 30
04 13 14 14 745 32
04 14 14 14 745 34
04 15 14 13 745 35
05 00 14 14 745 35
05 01 14 14 745 35
05 02 15 14 745 35
05 03 15 15 745 34
05 04 15 15 745 34
05 05 15 15 745 34
05 06 15 15 745 34
05 07 15 15 745 34
05 08 16 16 745 32
10 14 24 24 740 28
10 15 25 25 740 28
11 05 22 21 744 26
1⸮⸮⸮⸮⸮⸮⸮⸮⸮⸮⸮⸮⸮⸮⸮
11 07 22 22 744 26
11 08 22 22 744 26
11 09 22 20 744 25
11 10 22 22 744 25
11 11 22 22 744 25
⸮⸮⸮⸮⸮⸮⸮⸮⸮⸮⸮⸮⸮⸮⸮⸮⸮⸮
11 12 22 22 744 25
12 10 22 22 744 25
12 11 22 22 744 25
12 12 22 21 744 25
13 00 19 19 748 25
13 01 19 19 748 25
13 02 19 19 748 25
13 03 19 19 748 25
13 04 19 19 747 24
13 05 19 19 747 23
13 06 19 19 747 23
13 07 19 19 747 23
13 08 19 19 747 23
13 09 19 19 747 23
13 10 19 19 747 23
13 11 21 21 746 21
13 12 21 21 746 21
13 13 21 21 746 21
13 14 21 21 746 21
13 15 21 21 746 21
13 16 21 21 746 21
16 09 23 23 745 25
16 10 23 23 745 27
16 11 23 23 745 25
05 00 14 14 745 35
05 01 14 14 745 35
05 02 15 14 745 35
05 03 15 15 745 34
05 04 15 15 745 34
05 05 15 15 745 34
05 06 15 15 745 34
05 07 15 15 745 34
05 08 16 16 745 32
10 14 24 24 740 28
10 15 25 25 740 28
11 05 22 21 744 26
1⸮⸮⸮⸮⸮⸮⸮⸮⸮⸮⸮⸮⸮⸮⸮
11 07 22 22 744 26
11 08 22 22 744 26
11 09 22 20 744 25
11 10 22 22 744 25
11 11 22 22 744 25
⸮⸮⸮⸮⸮⸮⸮⸮⸮⸮⸮⸮⸮⸮⸮⸮⸮⸮
11 12 22 22 744 25
12 10 22 22 744 25
12 11 22 22 744 25
12 12 22 21 744 25
13 00 19 19 748 25
13 01 19 19 748 25
13 02 19 19 748 25
13 03 19 19 748 25
13 04 19 19 747 24
13 05 19 19 747 23
13 06 19 19 747 23
13 07 19 19 747 23
13 08 19 19 747 23
13 09 19 19 747 23
13 10 19 19 747 23
13 11 21 21 746 21
13 12 21 21 746 21
13 13 21 21 746 21
13 14 21 21 746 21
13 15 21 21 746 21
13 16 21 21 746 21
16 09 23 23 745 25
16 10 23 23 745 27
16 11 23 23 745 26
18 08 21 21 738 36
18 09 21 21 738 35
18 10 22 22 737 35
18 11 22 22 737 35
18 12 23 23 736 35
18 13 23 23 736 37
18 14 23 23 736 35
18 15 18 18 737 43
18 16 20 20 737 40
18 17 19 19 737 42
18 18 20 20 737 37
18 19 21 21 737 36
18 20 21 21 736 36
18 21 21 21 736 35
18 22 21 21 736 35
18 23 21 21 735 34
19 00 21 21 735 34
19 01 21 21 734 34
19 02 21 21 733 33
19 03 21 21 733 33
19 04 21 21 732 32
19 05 21 21 731 32
19 06 21 21 731 32
19 07 21 21 730 32
19 09 21 21 730 35
19 09 20 21 729 35
19 10 20 20 729 35
19 11 20 20 729 36
19 12 20 20 729 37
19 13 20 20 729 38
19 14 20 20 730 38
