             01 02 2 -2 773 10
             01 03 2 -2 774 10
             01 04 2 -2 776 10
             01 05 2 -2 775 10
             01 06 2 -2 772 10
             01 07 2 -2 777 10
             02 01 2 -2 777 10
             02 02 2 -2 727 10
             02 03 2 -2 737 10
             02 04 2 -2 747 10
             02 05 2 -2 757 10
             02 06 2 -2 767 10
             02 07 2 -2 727 10
             03 01 22 -2 777 10
             03 02 23 -2 771 10
             03 03 24 -2 771 10
             03 04 25 -2 774 10
             03 05 26 -2 779 10
             03 06 27 -2 777 10
             03 07 28 -2 775 10
             04 01 2 -2 772 12
             04 02 2 -2 773 14
             04 03 2 -2 775 14
             04 04 4 -2 777 14
             04 05 2 -2 770 16
             04 06 8 -2 772 16
             04 07 3 -2 777 17
             04 01 5 -2 777 12
             04 02 3 -2 777 14
             04 03 6 -2 777 14
             04 04 8 -2 777 14
             04 05 8 -2 777 16
             04 06 7 -2 777 16
             04 07 3 -2 777 17
